function [ffCoeffVectA, ffCoeffVectB] = retrieve_fixman_freire_coefficients()
    % RETRIEVE_FIXMAN_FREIRE_COEFFICIENTS
    %  returns the coefficients for the Fixman-Freire approximation for the
    %  Poland-Scheraga model (with I = 15 exponentials)
    %
    % The Fixman-Freire approximation method runs in O(n)
    %
    % Authors:
    %  Saair Quaderi (Converted from Java "fixmanFreireCalculator" to Matlab)
    %  Charleston Noble (?) (Converted from C version to Java version)
    %  Michaela Reiter-Schad (?) (C version)
    
    ffCoeffVectA = [...
        7.4210949671864474;...
        7.363845614102907e-1;...
        8.73242111472176e-2;...``
        9.887211230992947e-3;...
        1.102823738631329e-3;...
        1.2250560616947666e-4;...
        1.3593126590298345e-5;...
        1.5077329395704116e-6;...
        1.6718473281512066e-7;...
        1.852449196083061e-8;...
        2.0478548398679403e-9;...
        2.247364959164715e-10;...
        2.4079053140360544e-11;...
        2.369755720744333e-12;...
        1.608846567970496e-13...
    ];
    
    ffCoeffVectB = [...
        2.469385023938319;...
        9.006571079384265e-1;...
        3.3060668412882793e-1;...
        1.196018051115684e-1;...
        4.30783130904746e-2;...
        1.5497408698374987e-2;...
        5.573286954347416e-3;...
        2.0039933412704532e-3;...
        7.204015696886597e-4;...
        2.5878821693784586e-4;...
        9.275640096786728e-5;...
        3.301049580630032e-5;...
        1.1480239104095493e-5;...
        3.693407020570475e-6;...
        8.820504064582594e-7...
    ];

    % Note from Saair:
    % These values can also be found in Table I of
    % Numerical study of the disordered Poland-Scheraga model of
    %  DNA denaturation
    %  by Thomas Garel and Cécile Monthus 
    %  http://arxiv.org/pdf/cond-mat/0504094v2.pdf
    %   arXiv:cond-mat/0504094
    %   DOI: 10.1088/1742-5468/2005/06/P06004
end